accuracy: 0.8020833333333334
cv_accuracy: 0.3448275862068966
cv_accuracy_std: 0.0
cv_f1: 0.0
cv_f1_std: 0.0
cv_pr_auc: 0.6551724137931034
cv_pr_auc_std: 0.0
cv_precision: 0.0
cv_precision_std: 0.0
cv_recall: 0.0
cv_recall_std: 0.0
cv_roc_auc: 0.5
cv_roc_auc_std: 0.0
f1_score: 0.0
false_negatives: 19
false_positives: 0
npv: 0.8020833333333334
number_needed_to_screen: .inf
optimal_threshold: 0.5
ppv: 0
pr_auc: 0.19791666666666666
precision: 0.0
recall: 0.0
roc_auc: 0.5
sensitivity: 0.0
specificity: 1.0
true_negatives: 77
true_positives: 0
