accuracy: 0.8512820512820513
cv_accuracy: 0.5084745762711864
cv_accuracy_std: 0.0
cv_f1: 0.0
cv_f1_std: 0.0
cv_pr_auc: 0.4915254237288136
cv_pr_auc_std: 0.0
cv_precision: 0.0
cv_precision_std: 0.0
cv_recall: 0.0
cv_recall_std: 0.0
cv_roc_auc: 0.5
cv_roc_auc_std: 0.0
f1_score: 0.0
false_negatives: 29
false_positives: 0
npv: 0.8512820512820513
number_needed_to_screen: .inf
optimal_threshold: 0.5
ppv: 0
pr_auc: 0.870119774079272
precision: 0.0
recall: 0.0
roc_auc: 0.9798504362276693
sensitivity: 0.0
specificity: 1.0
true_negatives: 166
true_positives: 0
